834569922
834569426
834569302
834569140
1670690636
834569817
1670690598
834569671
834569418
834569310
834569825
834569264
834569221
834569868
834569256
83456923X
834569159
78257761X
834569612
77311548X
834569914
83456954X
834569299
834569523
83456937X
834569450
1670690601
834569841
834569752
834569280
834569477
834569213
773115587
773115536
1670690652
834569833
834569663
834569469
834569329
834569078
1670690695
834569620
782577636
1670690563
834569965
167069058X
834569698
834569604
834569434
834569086
834569485
834569795
83456971X
834569701
834569647
834569337
834569116
834569876
83456906X
834569892
834569787
834569957
834569949
834569884
834569655
834569442
834569353
1670690644
834569515
83456985X
834569507
834569388
1670690660
83456940X
834569396
834569582
834569345
834569191
834569744
834569574
834569175
1670690687
834569493
834569183
834569043
834569272
834569906
834569124
834569108
1670690628
167069061X
834569930
834569167
1670690679
834569809
834569205
1670690571
834569728
834569531
834569132